2023	108
21501	123
3527	112
10667	121
10510	120
9376	121
34832	124
11286	121
4615	115
689	90
17882	121
5169	118
13316	121
31168	123
3970	111
59581	124
14324	124
8548	120
185	50
12429	124
20792	123
1554	91
7533	118
16840	123
3773	115
27438	124
2625	103
18716	124
1346	97
2800	102
23278	124
34633	124
32732	124
30276	122
5615	118
2094	106
2019	96
27892	124
13091	121
14987	122
2213	101
49978	124
2363	101
16195	124
14994	123
31125	124
1862	105
154	41
5340	116
8606	119
4032	115
30748	123
7071	118
2511	103
18325	124
2473	104
7707	118
15418	124
23954	124
15773	123
16899	122
1089	99
36756	124
6792	123
11394	121
12372	121
27126	124
24728	124
3800	111
37845	123
50726	124
7635	118
12625	122
4175	114
306	72
12851	122
15393	123
13103	121
8097	118
7808	120
31960	124
911	90
17332	125
36733	124
8934	122
2775	102
11835	122
15866	124
9674	123
15798	123
14079	123
17252	123
3927	109
16020	121
4404	118
6091	119
10128	123
12993	120
1410	98
5427	116
959	96
18118	124
4637	114
1678	96
8378	118
5749	118
56290	124
12583	123
1822	97
6907	120
9459	121
1906	104
11797	119
11154	120
69448	124
21401	123
11870	121
1743	96
16401	123
1264	99
18927	124
27804	124
5700	120
13101	122
26471	122
14563	123
7068	119
3713	113
50265	124
6949	120
779	81
29013	123
4721	114
3797	109
6933	119
20090	122
8379	121
6540	117
10814	122
15	11
576	79
31613	124
40689	124
14900	122
9802	115
10520	122
21516	123
8496	120
27836	124
3881	111
420	72
11912	121
4890	112
421	69
50993	124
21755	123
11147	122
3853	115
7554	114
18191	123
1309	98
3335	111
49956	124
22457	124
39458	123
6279	116
8459	120
10746	123
836	86
9268	122
10654	119
15542	122
23027	122
20234	123
29473	124
16437	122
2231	105
66	26
27659	124
5208	112
44593	125
1064	83
4110	111
7177	119
11096	122
6931	118
54237	124
1449	86
10430	121
629	88
30622	124
16571	123
19134	122
10070	121
827	82
23066	124
3713	113
2078	104
9385	121
3382	112
7159	114
5631	119
24673	123
5403	117
4213	110
35593	124
26726	124
8817	122
691	77
9297	118
35338	124
1241	91
32705	124
50239	124
27771	124
9704	121
31777	124
23889	124
977	90
9766	121
2618	102
7685	120
1709	97
16575	121
1214	91
5523	111
17265	123
9809	121
8221	120
1400	96
22334	124
77450	124
3080	108
5992	119
14887	122
5609	119
16204	124
2854	100
26725	124
3817	114
829	90
43663	124
3777	120
24820	123
19450	122
10172	121
21763	122
3070	109
6487	116
14002	119
9391	120
1292	92
2249	102
8574	122
11755	120
9893	119
3136	114
5572	112
18065	123
6119	119
22512	124
8852	119
11518	121
17238	122
46362	124
33246	124
9769	119
386	68
14822	122
47283	124
24020	122
7293	121
35804	123
181	41
30891	124
981	90
10567	118
3731	106
9345	120
3344	109
5550	118
13888	120
1413	94
14776	120
1348	95
3852	115
10209	121
33486	124
16899	121
2542	106
8761	122
48718	124
2631	105
12322	122
2364	99
12328	120
9093	121
18080	123
10611	122
20864	124
4744	112
19805	125
36726	124
4178	116
20641	125
10217	122
25	18
12513	124
35829	123
13740	123
14863	124
9148	120
14202	124
9155	118
2928	109
5700	114
648	71
4257	117
6846	115
5532	112
7630	119
8605	118
7463	118
1834	101
24735	123
4735	118
14867	122
18983	124
23932	124
6985	118
1367	82
24670	124
21276	124
8515	120
46230	124
4222	113
13218	121
11006	121
6566	117
21590	124
36623	124
4046	115
14455	123
7541	118
2004	102
23626	124
1625	101
28115	124
62748	124
6337	118
342	64
35748	124
2347	102
3137	113
7957	122
12509	121
11793	122
3251	111
7248	118
2722	107
11877	123
13936	122
11679	122
20591	124
1081	90
6094	116
9178	121
3926	111
18343	122
10633	119
6125	117
1728	101
2886	112
956	87
587	77
7962	114
6648	117
15610	123
9717	121
9952	122
9779	120
19668	124
13474	123
13509	122
15350	121
3447	109
18575	122
14865	123
54743	124
5733	115
8916	122
31484	124
21656	124
6433	115
587	80
17922	123
6000	115
42371	125
967	82
6593	119
1778	103
20413	124
36516	124
18686	124
1675	97
12743	124
8911	119
33056	123
2865	99
9494	123
23947	124
16571	121
13807	121
8810	119
48483	124
65241	124
27327	124
6050	115
3024	103
19328	124
9319	124
21452	122
2701	106
2650	101
44190	124
8445	121
507	80
18743	123
1296	94
4903	114
36691	124
11816	121
2559	100
8254	120
19594	124
10439	123
24435	124
1942	99
27326	124
10362	122
49030	124
93	41
7844	122
7714	121
11337	122
2919	107
6184	114
1098	92
16297	123
15786	122
1281	91
14827	119
2806	106
34179	124
11892	121
16496	121
115	39
35209	124
18687	124
5170	117
6702	115
3707	115
17779	121
30144	123
8010	119
8606	121
8285	118
25209	123
5401	118
18261	122
8272	116
26446	124
8428	120
1826	101
27810	124
30190	124
1503	91
2624	104
13596	123
31067	124
4502	111
394	65
9092	116
11391	122
10370	119
19007	123
8499	116
22076	123
11021	118
18923	124
9055	121
45815	124
12079	123
3272	109
39877	123
8958	121
7269	121
26552	124
18035	123
8202	120
907	89
3039	108
3389	109
33818	124
13568	122
4073	114
6481	115
16447	123
34618	124
28404	124
11102	120
16711	124
21042	123
53576	124
11370	119
4635	111
22639	123
1629	102
12036	121
9479	119
3655	111
9846	121
16393	123
21374	123
2958	107
21994	124
12149	121
5316	116
9247	121
10459	119
616	79
4569	112
8013	120
21389	123
7614	118
10285	122
3580	112
7013	118
8080	119
3149	107
29914	124
18458	123
1948	99
12626	124
10120	121
8937	118
23471	124
4462	113
45233	124
1114	93
1827	98
38307	124
22980	124
11900	124
4663	119
535	82
29387	124
50509	125
929	88
21271	122
37434	124
19161	123
7156	117
20140	124
4593	112
8157	119
66363	124
10195	122
12254	122
2049	102
4350	114
608	79
14937	123
14971	120
4041	116
10881	121
25209	122
1394	101
159	47
11002	122
3950	106
9919	122
34783	123
3802	115
35223	124
19606	124
22414	124
18681	123
6928	116
26598	124
2872	108
4892	108
18452	124
2316	100
10202	122
65505	124
6307	118
9538	124
5430	120
4169	110
28639	124
5090	116
11412	118
21993	124
39401	124
1425	94
25736	123
65019	124
6727	118
11796	120
17931	124
9303	121
17827	123
6405	112
16619	123
6024	116
34076	123
6749	120
16837	123
17766	123
12932	121
13450	123
16404	124
12330	123
22164	124
18719	124
7256	118
30116	124
16165	122
31445	124
12149	122
14376	123
683	78
17294	123
2986	105
12003	119
11972	123
1946	101
5636	118
1255	95
7462	119
1048	84
46300	124
9844	121
16662	122
695	79
28199	124
23710	123
550	68
12081	122
50122	125
4742	112
3858	109
1144	98
9019	120
37994	124
17082	124
12094	121
13100	122
4479	117
12470	119
1050	92
4354	114
35795	123
49181	124
28	15
2500	101
12889	120
10799	121
17292	122
724	84
2853	108
31118	121
11114	121
5383	116
17439	124
6938	117
2442	104
17566	123
16068	122
7820	116
10395	121
9781	120
27602	124
12944	121
16799	124
10008	122
2257	103
11008	122
2736	103
2009	100
18146	123
46412	125
7275	115
1410	97
7012	115
16972	124
7980	121
7825	118
10814	120
24883	123
4150	106
8815	120
6899	118
11211	119
13113	124
9081	120
14563	123
4330	110
3907	115
8336	116
2415	106
619	82
16008	122
1073	84
9885	120
19709	124
28080	122
8193	118
1732	102
3695	117
5024	115
1551	93
8300	118
9571	121
14089	124
2426	106
13718	122
19028	124
47391	124
4375	114
33323	124
58237	124
73695	124
4751	114
8755	121
23132	124
7432	117
49632	124
11552	122
37545	122
8186	117
3118	109
11157	123
12014	123
7841	121
3658	110
7691	119
47419	124
19793	124
14212	123
21590	124
66999	124
11956	122
28057	123
17833	124
59492	124
2777	108
9685	120
24265	123
29378	124
43342	124
19605	124
8739	120
26410	124
16531	124
11448	121
27371	124
13423	123
2666	109
27990	124
929	94
8622	119
694	78
17501	122
25132	124
8872	121
1768	93
4503	115
3338	110
41049	124
2695	103
18440	123
6549	118
55169	124
12310	122
950	83
5468	120
15175	123
56585	124
30433	124
6247	117
4049	110
20350	123
20725	121
28944	123
3698	109
2241	110
15733	124
6426	119
2191	104
7813	118
22962	124
2406	105
15969	122
10145	122
3377	109
40	19
12934	124
4701	113
24862	124
24793	122
7447	119
3443	106
11790	121
4148	108
19775	124
26312	124
3238	108
6152	118
8259	119
13511	122
7443	120
2991	109
17917	121
4031	112
2406	106
352	63
25490	123
22979	124
15381	124
2841	106
257	61
2996	117
5463	115
1230	90
13261	122
7366	118
3481	107
15984	121
13089	122
36647	124
19693	124
1138	84
5888	114
64571	124
6151	113
10590	123
14554	122
17120	121
8861	120
19004	124
4331	112
7112	116
23625	124
3245	107
21736	124
3806	109
9687	119
6502	119
8267	123
252	58
2265	107
33944	124
5173	120
26352	124
4828	116
8593	120
24084	124
1032	91
3679	116
1690	98
4496	111
8730	121
4098	115
6505	118
14579	124
5541	116
7034	115
2955	106
7542	119
26084	124
10529	119
7513	119
23634	124
13638	124
11016	120
21467	123
2771	106
14431	122
5433	113
4636	108
3635	105
68247	124
1572	96
4978	116
25738	122
1228	91
8161	117
8831	121
27539	124
15971	123
5228	116
10169	121
4384	118
6360	121
19909	125
9754	122
28017	124
4354	115
12102	120
9525	119
7193	119
10114	120
26123	124
11507	122
4556	112
272	54
24126	123
7165	119
10495	119
21603	124
8878	123
7453	120
8114	119
19482	123
11510	122
12382	123
6826	120
7374	118
20508	123
60428	124
8551	123
3181	108
4329	110
11780	120
720	83
16012	120
40917	124
33594	124
60347	124
10932	120
1379	92
136	38
12510	121
10183	121
23856	123
3958	106
6747	117
2424	106
1242	95
8725	119
14887	121
30326	124
7441	120
5	4
59326	124
287	61
8921	120
8060	116
823	86
2739	107
5286	116
11099	119
19183	124
11788	121
699	81
20936	122
23195	122
32489	124
16505	123
51968	125
6655	119
26913	124
3041	108
11584	119
7011	117
30939	124
8449	115
5045	115
4383	114
2116	105
9391	118
815	87
32870	125
8211	119
3944	111
12053	123
7266	117
7983	118
1765	96
24224	125
1157	90
16582	122
19629	124
58516	124
3584	111
16422	124
39018	125
37805	124
Average cycles to catch bug: 14022.655, total state reached: 114775
