8063	170
44241	202
1055933	216
678381	214
210148	214
280037	214
54961	202
93501	211
584423	215
1066103	215
82619	208
261585	215
8927	174
206085	214
190794	213
66366	209
56079	205
83677	209
7009	164
45899	203
63734	209
595206	215
59892	209
75524	212
45515	206
46399	207
401846	215
512872	215
37353	202
378415	215
241165	213
1096383	215
31791	195
1408	116
52756	201
405621	215
217841	215
228993	213
670762	215
758294	215
21780	193
279450	214
19256	192
27792	194
32396	200
64765	209
280540	215
296367	215
123081	210
72500	209
314869	211
52810	203
208224	213
33186	202
979092	215
351727	215
498424	215
170299	213
238707	213
9031	173
29247	202
49145	203
186780	214
233740	215
49145	204
199959	213
12515	180
23033	191
243238	215
692084	215
61906	207
139686	211
79011	210
192353	215
29405	197
147537	211
307741	213
413092	215
177993	213
76731	207
63489	208
85196	211
61983	208
412870	215
94630	211
10100	172
248715	215
175771	213
599567	215
70219	207
115260	211
364396	215
212049	214
401	82
6596	160
196274	214
2612	140
690070	215
65808	206
427782	215
405346	215
262441	215
389850	214
277971	215
68450	208
43657	204
156866	213
126690	212
40881	205
10872	180
236928	215
69426	209
165227	214
130397	214
43590	202
377411	214
56668	207
34610	202
72611	210
337725	214
80619	206
129030	210
74202	209
664267	215
905513	215
174910	213
91452	210
13830	182
94594	214
200147	214
94619	212
118277	213
35749	201
183238	212
138061	214
3489	151
13177	186
278056	215
20447	190
67720	212
663004	216
251399	215
7226	169
44352	205
35116	205
53383	205
91750	211
19824	192
4025	151
807980	215
42759	203
36824	203
196176	214
242961	215
217031	214
43807	202
107314	211
162719	215
103791	212
18047	194
680029	215
409269	215
446559	215
30703	203
142606	213
259537	214
52026	207
186876	214
391719	215
151548	214
193602	214
198010	214
134185	211
1007	99
208532	214
59736	206
83984	211
340593	215
265349	213
1276773	215
398042	215
65239	209
31197	201
205895	213
124546	213
821906	215
679063	215
153348	213
108574	210
38252	204
91217	211
92340	211
71888	209
28274	196
323022	215
246326	214
293040	214
110164	212
286273	215
287559	215
116734	211
559250	215
30929	199
40868	200
133008	213
5970	161
166799	214
274505	214
31715	202
25115	194
67323	208
533592	215
48388	203
36453	202
123388	212
15471	189
233266	215
5798	162
4136	152
33769	201
295797	213
129763	213
83221	210
38252	203
85823	210
287966	215
226638	214
182217	213
176447	213
98322	210
364901	215
158855	214
68625	207
176867	212
70027	210
340647	216
24473	191
84723	210
9560	175
47604	206
58071	207
44358	207
189817	215
276903	215
142753	211
65945	206
17903	191
44438	203
5840	166
256027	215
155704	212
153726	212
71290	208
60336	203
105181	212
55295	207
30635	205
163038	214
293360	216
150701	212
14118	184
267741	214
371417	215
156152	212
142499	212
191008	213
30096	197
160012	214
20803	189
16193	191
5861	162
133559	215
81429	210
548775	215
264206	214
260182	215
414092	215
462296	215
61121	206
405621	215
31460	197
44203	202
119261	214
88235	210
49393	205
785735	215
149042	212
225704	215
202730	213
640546	215
131000	210
192245	214
303732	215
296314	214
280167	215
599725	214
735252	215
46369	206
149698	212
109844	209
368367	214
311866	215
23025	190
157336	212
165901	215
100090	210
29721	197
75575	208
70810	209
229990	212
167873	213
73933	209
360280	215
40037	197
527456	215
2632	144
322565	215
256409	213
41555	205
331420	215
8187	175
218810	213
9274	178
155856	213
214422	214
96927	212
249528	213
203861	214
18129	185
98779	212
138669	212
79747	208
260447	215
274669	215
6056	166
80088	212
773850	215
181906	212
167085	210
413773	214
135557	212
124464	211
316305	215
587291	215
45913	206
153365	214
92925	211
48897	207
456168	215
153185	214
44190	202
119392	212
10220	180
55197	207
217615	215
390556	216
51167	201
112581	209
35617	206
84896	213
179092	213
701376	215
206507	213
95394	213
68071	207
748571	215
177092	212
110221	212
277297	215
193231	214
49501	204
228946	214
77511	210
127737	213
2864	139
33740	200
129921	215
194334	215
413144	215
62527	207
192067	214
25873	199
25374	193
97759	212
45769	203
88765	212
131412	214
206902	212
461353	215
394668	214
30652	203
556892	215
326511	214
272395	215
82670	208
199752	214
115178	211
376937	216
49070	204
22753	198
84923	209
358790	213
440598	215
373474	215
120362	213
325240	215
358690	215
46655	202
171911	214
211422	213
25762	199
1667	120
95920	212
148342	212
127061	210
175874	212
256739	214
757372	215
289194	215
128187	211
262656	215
440751	215
30487	197
337555	215
329555	215
26998	196
7402	175
71294	211
181453	214
312252	215
103379	210
396268	215
421651	215
175169	215
170072	210
29634	197
27719	195
277547	215
464904	215
93328	211
159776	214
3629	157
140788	214
71056	210
1711802	215
29526	199
109967	212
197949	212
48584	204
28120	201
108931	211
40848	200
16428	185
261928	214
105275	211
264463	215
32331	200
199734	214
231164	212
38942	204
336660	214
110164	211
203701	212
7753	168
62582	204
7934	179
47298	203
167680	212
12295	182
70136	206
146045	213
116363	213
24503	204
27351	200
857068	216
147966	209
109325	209
82318	211
68340	210
245922	214
296845	215
122303	213
573427	215
445897	216
221172	213
136883	212
186405	214
183517	214
18684	201
98071	211
46637	206
66924	209
72764	210
90974	206
858046	215
219977	214
152332	214
377241	215
394361	216
214325	215
211453	214
3587	154
104205	212
82865	209
28464	198
778722	215
178862	213
235307	213
293232	214
58926	208
94675	212
199379	214
1382	118
127194	214
38077	199
45251	204
149309	213
213115	215
118155	208
42283	199
74445	211
317462	216
296676	215
15123	188
56986	206
27968	198
185132	214
449500	215
104447	210
223223	214
13087	181
555113	215
30253	205
216728	213
313239	214
90831	210
429991	215
219260	214
293171	215
149863	212
114924	213
80455	210
44434	205
651295	215
39976	207
76794	208
113141	212
414854	215
132470	213
328578	215
471431	215
511340	214
14271	192
63382	208
76088	210
9457	178
137694	214
200635	214
32761	202
228205	214
249996	212
233267	215
210093	213
486831	215
13267	188
66485	206
168368	215
177900	211
39271	205
307492	215
713252	215
102627	212
113433	211
265694	214
564493	215
361355	214
209311	216
73138	209
253111	214
42594	203
299802	213
27699	195
22164	195
148678	213
936515	215
209807	214
268130	215
22742	194
30221	193
173981	214
246361	215
347829	214
5029	163
212303	214
230339	214
225637	215
185624	214
30048	198
224809	212
286354	215
148066	211
114235	213
58193	205
14385	185
204874	213
71669	207
170575	214
43979	203
39543	199
28475	196
398816	215
341761	215
25703	199
13943	187
29476	190
7954	176
69692	210
122700	211
76700	210
82969	210
634825	215
108261	212
285088	215
1030001	215
286159	215
220700	214
40889	202
102035	211
32665	201
242906	215
31991	202
878397	215
236963	214
440497	216
131559	212
326729	215
498998	215
28749	195
43843	201
52607	201
73088	207
323104	215
630979	215
11633	180
45162	202
75575	209
73425	207
355847	215
146549	210
168108	212
590564	215
3153	143
226664	215
333690	215
25712	195
593074	215
28877	190
96654	210
273808	215
80405	210
218490	214
167710	213
45319	207
221114	213
144731	214
231877	214
126617	213
11432	177
203049	214
353546	215
107508	212
755478	215
30675	201
458861	215
331874	215
35882	197
315991	216
77162	211
108807	211
36612	203
6326	169
27977	198
26021	196
254053	214
283009	214
362563	214
300161	213
20510	191
236597	215
550824	215
246818	214
915638	215
86938	211
203671	214
104058	211
99311	212
60337	208
10857	178
23069	192
327177	215
48475	205
606584	215
2205	140
31526	196
115475	211
103622	210
274737	216
170500	214
61878	207
247127	215
67829	209
80461	209
43452	208
330662	214
68485	207
205134	215
220075	215
36687	201
92567	210
67732	205
289699	214
1876	126
94924	211
15461	182
167414	214
807933	215
2640	147
275682	215
97944	210
380409	215
127416	213
91878	213
285059	214
395430	215
75239	210
275348	213
305189	214
168284	213
133848	213
145997	214
348926	215
43746	206
224788	214
1125572	215
200836	213
171973	212
23093	194
132622	213
317944	215
74356	208
224974	214
246659	214
345785	215
262320	214
119309	213
169067	215
751388	216
157676	211
232633	215
12871	180
62095	210
4326	159
376358	215
193007	214
70749	207
486520	215
237475	215
95162	211
337170	215
228914	212
102838	212
102816	210
223977	213
182834	213
266590	215
87701	213
332096	215
235975	215
630	97
137221	212
43166	202
386649	215
17292	181
354232	215
507930	215
22013	197
266286	215
101798	209
224533	214
353508	213
502212	215
457896	215
32704	202
30777	202
100196	213
5927	168
89356	208
58590	206
941919	215
206421	214
246734	213
154251	215
71698	208
170365	213
61139	207
365051	215
90620	210
31480	198
246044	214
124463	214
24489	195
135416	214
109815	208
192757	215
125240	210
254616	213
24532	195
51367	206
64732	209
78069	206
171811	213
226608	215
126703	211
118493	210
121243	213
84274	211
156626	212
32263	195
38376	202
141402	214
298838	212
324782	214
78723	209
862837	215
117798	208
52650	203
123160	212
261497	214
388613	215
436850	215
40437	202
187595	215
19880	194
1123391	215
192874	214
59943	209
157781	212
117519	209
746273	215
1915	132
56487	206
406672	214
245546	214
100927	209
34689	203
33073	203
91449	210
227478	215
150445	213
104254	209
73634	211
778413	215
422403	215
184249	215
985714	215
26898	195
94180	210
70703	205
185613	215
57150	206
114872	212
256688	214
207287	215
98575	210
3355	152
8380	174
162258	214
467053	215
192213	211
517717	215
488864	215
531966	216
216241	213
65378	207
160785	214
205561	214
39538	206
297916	215
391911	214
94238	207
796294	215
289859	215
9326	176
178783	212
169257	213
294252	215
196744	215
234390	215
514528	215
345101	216
217733	214
393861	215
159757	215
145849	212
69344	209
233506	213
99566	213
137413	213
232236	214
11972	187
56100	207
97377	211
65171	208
103960	211
263770	214
188681	213
315126	215
268758	214
116137	214
96963	208
16963	187
279110	214
382547	215
120087	209
95969	211
148697	214
305033	215
465905	214
85878	210
209438	215
89262	207
434368	216
92748	212
115226	211
216856	214
20395	193
370531	214
633284	215
187743	214
186304	214
575773	215
884755	215
131852	210
144011	214
19031	190
7701	178
81181	210
256538	214
20447	192
106238	208
296702	214
23502	195
507910	216
75279	210
196443	212
156978	215
64198	206
338806	214
309551	214
76045	210
975208	215
279283	213
46894	204
192660	214
106550	212
225201	213
168402	212
80192	206
127622	213
414918	214
42728	204
706232	215
342775	215
337443	215
21274	193
89940	211
70602	207
510710	215
123138	213
30730	197
122011	212
46485	204
208946	215
430469	215
142681	214
63081	210
117645	212
814113	215
130026	211
204767	213
281927	214
108997	210
574641	215
57011	205
51796	206
345448	215
500326	215
162364	213
67271	207
362402	215
Average cycles to catch bug: 200778.18, total state reached: 207212
